[[-1091], [-2091], [-3091], [-4091], [-1092], [-1081], [-2092], [-2081]]
TURN_RIGHT
MOVE_FORWARD
Score: -10
Move to: (2, 10)
GRAB_GOLD
Score: 90
[[-1091], [-2091], [-3091], [-4091], [-1092], [-1081], [-2092], [-2081], [-3092], [-4092], [-1093], [-1082], [-2093], [-2082]]
TURN_RIGHT
MOVE_FORWARD
Score: 80
Move to: (3, 10)
GRAB_GOLD
Score: 180
[[-1091], [-2091], [-3091], [-4091], [-1092], [-1081], [-2092], [-2081], [-3092], [-4092], [-1093], [-1082], [-2093], [-2082], [-3093], [-4093], [-1094], [-1083], [-2094], [-2083]]
TURN_RIGHT
MOVE_FORWARD
Score: 170
Move to: (4, 10)
[[-1091], [-2091], [-3091], [-4091], [-1092], [-1081], [-2092], [-2081], [-3092], [-4092], [-1093], [-1082], [-2093], [-2082], [-3093], [-4093], [-1094], [-1083], [-2094], [-2083], [-3094], [-4094], [-1095], [-1084], [-2095], [-2084]]
TURN_RIGHT
MOVE_FORWARD
Score: 160
Move to: (5, 10)
PERCEIVE_BREEZE
[[-1091], [-2091], [-3091], [-4091], [-1092], [-1081], [-2092], [-2081], [-3092], [-4092], [-1093], [-1082], [-2093], [-2082], [-3093], [-4093], [-1094], [-1083], [-2094], [-2083], [-3094], [-4094], [-1095], [-1084], [-2095], [-2084], [3095], [-4095], [-3095, 1085, 1094, 1096], [-1096, 3095], [-1094, 3095], [-1085, 3095], [-2096], [-2085]]
Infer: (6, 10)
TURN_RIGHT
INFER_PIT
INFER_NOT_PIT
Infer: (5, 9)
TURN_DOWN
INFER_PIT
INFER_NOT_PIT
TURN_LEFT
MOVE_FORWARD
Score: 150
Backtrack: (4, 10)
TURN_DOWN
MOVE_FORWARD
Score: 140
Move to: (4, 9)
PERCEIVE_BREEZE
[[-1091], [-2091], [-3091], [-4091], [-1092], [-1081], [-2092], [-2081], [-3092], [-4092], [-1093], [-1082], [-2093], [-2082], [-3093], [-4093], [-1094], [-1083], [-2094], [-2083], [-3094], [-4094], [-1095], [-1084], [-2095], [-2084], [3095], [-4095], [-3095, 1085, 1094, 1096], [-1096, 3095], [-1094, 3095], [-1085, 3095], [-2096], [-2085], [3084], [-4084], [-3084, 1074, 1083, 1085, 1094], [-1085, 3084], [-1083, 3084], [-1094, 3084], [-1074, 3084], [-2074]]
Infer: (5, 9)
TURN_RIGHT
INFER_PIT
INFER_NOT_PIT
Infer: (3, 9)
TURN_LEFT
INFER_PIT
INFER_NOT_PIT
DETECT_NO_PIT
Infer: (4, 8)
TURN_DOWN
INFER_PIT
INFER_NOT_PIT
TURN_UP
MOVE_FORWARD
Score: 130
Backtrack: (4, 10)
TURN_LEFT
MOVE_FORWARD
Score: 120
Backtrack: (3, 10)
TURN_DOWN
MOVE_FORWARD
Score: 110
Move to: (3, 9)
[[-1091], [-2091], [-3091], [-4091], [-1092], [-1081], [-2092], [-2081], [-3092], [-4092], [-1093], [-1082], [-2093], [-2082], [-3093], [-4093], [-1094], [-1083], [-2094], [-2083], [-3094], [-4094], [-1095], [-1084], [-2095], [-2084], [3095], [-4095], [-3095, 1085, 1094, 1096], [-1096, 3095], [-1094, 3095], [-1085, 3095], [-2096], [-2085], [3084], [-4084], [-3084, 1074, 1083, 1085, 1094], [-1085, 3084], [-1083, 3084], [-1094, 3084], [-1074, 3084], [-2074], [-3083], [-4083], [-1073], [-2073]]
TURN_DOWN
MOVE_FORWARD
Score: 100
Move to: (3, 8)
PERCEIVE_BREEZE
[[-1091], [-2091], [-3091], [-4091], [-1092], [-1081], [-2092], [-2081], [-3092], [-4092], [-1093], [-1082], [-2093], [-2082], [-3093], [-4093], [-1094], [-1083], [-2094], [-2083], [-3094], [-4094], [-1095], [-1084], [-2095], [-2084], [3095], [-4095], [-3095, 1085, 1094, 1096], [-1096, 3095], [-1094, 3095], [-1085, 3095], [-2096], [-2085], [3084], [-4084], [-3084, 1074, 1083, 1085, 1094], [-1085, 3084], [-1083, 3084], [-1094, 3084], [-1074, 3084], [-2074], [-3083], [-4083], [-1073], [-2073], [3073], [-4073], [-3073, 1063, 1072, 1074, 1083], [-1074, 3073], [-1072, 3073], [-1083, 3073], [-1063, 3073], [-2072], [-2063]]
Infer: (4, 8)
TURN_RIGHT
INFER_PIT
INFER_NOT_PIT
Infer: (2, 8)
TURN_LEFT
INFER_PIT
INFER_NOT_PIT
Infer: (3, 7)
TURN_DOWN
INFER_PIT
INFER_NOT_PIT
TURN_UP
MOVE_FORWARD
Score: 90
Backtrack: (3, 9)
TURN_UP
MOVE_FORWARD
Score: 80
Backtrack: (3, 10)
TURN_LEFT
MOVE_FORWARD
Score: 70
Backtrack: (2, 10)
TURN_DOWN
MOVE_FORWARD
Score: 60
Move to: (2, 9)
[[-1091], [-2091], [-3091], [-4091], [-1092], [-1081], [-2092], [-2081], [-3092], [-4092], [-1093], [-1082], [-2093], [-2082], [-3093], [-4093], [-1094], [-1083], [-2094], [-2083], [-3094], [-4094], [-1095], [-1084], [-2095], [-2084], [3095], [-4095], [-3095, 1085, 1094, 1096], [-1096, 3095], [-1094, 3095], [-1085, 3095], [-2096], [-2085], [3084], [-4084], [-3084, 1074, 1083, 1085, 1094], [-1085, 3084], [-1083, 3084], [-1094, 3084], [-1074, 3084], [-2074], [-3083], [-4083], [-1073], [-2073], [3073], [-4073], [-3073, 1063, 1072, 1074, 1083], [-1074, 3073], [-1072, 3073], [-1083, 3073], [-1063, 3073], [-2072], [-2063], [-3082], [-4082], [-1072]]
TURN_DOWN
MOVE_FORWARD
Score: 50
Move to: (2, 8)
PERCEIVE_STENCH
[[-1091], [-2091], [-3091], [-4091], [-1092], [-1081], [-2092], [-2081], [-3092], [-4092], [-1093], [-1082], [-2093], [-2082], [-3093], [-4093], [-1094], [-1083], [-2094], [-2083], [-3094], [-4094], [-1095], [-1084], [-2095], [-2084], [3095], [-4095], [-3095, 1085, 1094, 1096], [-1096, 3095], [-1094, 3095], [-1085, 3095], [-2096], [-2085], [3084], [-4084], [-3084, 1074, 1083, 1085, 1094], [-1085, 3084], [-1083, 3084], [-1094, 3084], [-1074, 3084], [-2074], [-3083], [-4083], [-1073], [-2073], [3073], [-4073], [-3073, 1063, 1072, 1074, 1083], [-1074, 3073], [-1072, 3073], [-1083, 3073], [-1063, 3073], [-2072], [-2063], [-3082], [-4082], [-1072], [-3072], [4072], [-1071], [-1062], [-4072, 2062, 2071, 2073, 2082], [-2073, 4072], [-2071, 4072], [-2082, 4072], [-2062, 4072]]
Infer: (3, 8)
TURN_RIGHT
INFER_WUMPUS
INFER_NOT_WUMPUS
DETECT_NO_WUMPUS
Infer: (1, 8)
TURN_LEFT
INFER_WUMPUS
INFER_NOT_WUMPUS
Infer: (2, 7)
TURN_DOWN
INFER_WUMPUS
INFER_NOT_WUMPUS
Try: (1, 8)
TURN_LEFT
SHOOT
Score: -50
Try: (2, 7)
TURN_DOWN
SHOOT
Score: -150
KILL_WUMPUS
KB: [[-1091], [-2091], [-3091], [-4091], [-1092], [-1081], [-2092], [-2081], [-3092], [-4092], [-1093], [-1082], [-2093], [-2082], [-3093], [-4093], [-1094], [-1083], [-2094], [-2083], [-3094], [-4094], [-1095], [-1084], [-2095], [-2084], [3095], [-4095], [-3095, 1085, 1094, 1096], [-1096, 3095], [-1094, 3095], [-1085, 3095], [-2096], [-2085], [3084], [-4084], [-3084, 1074, 1083, 1085, 1094], [-1085, 3084], [-1083, 3084], [-1094, 3084], [-1074, 3084], [-2074], [-3083], [-4083], [-1073], [-2073], [3073], [-4073], [-3073, 1063, 1072, 1074, 1083], [-1074, 3073], [-1072, 3073], [-1083, 3073], [-1063, 3073], [-2072], [-2063], [-3082], [-4082], [-1072], [-3072], [4072], [-1071], [-1062], [-4062]]
TURN_DOWN
MOVE_FORWARD
Score: -160
Move to: (2, 7)
PERCEIVE_BREEZE
[[-1091], [-2091], [-3091], [-4091], [-1092], [-1081], [-2092], [-2081], [-3092], [-4092], [-1093], [-1082], [-2093], [-2082], [-3093], [-4093], [-1094], [-1083], [-2094], [-2083], [-3094], [-4094], [-1095], [-1084], [-2095], [-2084], [3095], [-4095], [-3095, 1085, 1094, 1096], [-1096, 3095], [-1094, 3095], [-1085, 3095], [-2096], [-2085], [3084], [-4084], [-3084, 1074, 1083, 1085, 1094], [-1085, 3084], [-1083, 3084], [-1094, 3084], [-1074, 3084], [-2074], [-3083], [-4083], [-1073], [-2073], [3073], [-4073], [-3073, 1063, 1072, 1074, 1083], [-1074, 3073], [-1072, 3073], [-1083, 3073], [-1063, 3073], [-2072], [-2063], [-3082], [-4082], [-1072], [-3072], [4072], [-1071], [-1062], [-4062], [-2062], [3062], [-3062, 1052, 1061, 1063, 1072], [-1063, 3062], [-1061, 3062], [-1072, 3062], [-1052, 3062], [-2061], [-2052]]
Infer: (3, 7)
TURN_RIGHT
INFER_PIT
INFER_NOT_PIT
Infer: (1, 7)
TURN_LEFT
INFER_PIT
INFER_NOT_PIT
Infer: (2, 6)
TURN_DOWN
INFER_PIT
INFER_NOT_PIT
TURN_UP
MOVE_FORWARD
Score: -170
Backtrack: (2, 8)
TURN_UP
MOVE_FORWARD
Score: -180
Backtrack: (2, 9)
TURN_UP
MOVE_FORWARD
Score: -190
Backtrack: (2, 10)
TURN_LEFT
MOVE_FORWARD
Score: -200
Backtrack: (1, 10)
TURN_DOWN
MOVE_FORWARD
Score: -210
Move to: (1, 9)
[[-1091], [-2091], [-3091], [-4091], [-1092], [-1081], [-2092], [-2081], [-3092], [-4092], [-1093], [-1082], [-2093], [-2082], [-3093], [-4093], [-1094], [-1083], [-2094], [-2083], [-3094], [-4094], [-1095], [-1084], [-2095], [-2084], [3095], [-4095], [-3095, 1085, 1094, 1096], [-1096, 3095], [-1094, 3095], [-1085, 3095], [-2096], [-2085], [3084], [-4084], [-3084, 1074, 1083, 1085, 1094], [-1085, 3084], [-1083, 3084], [-1094, 3084], [-1074, 3084], [-2074], [-3083], [-4083], [-1073], [-2073], [3073], [-4073], [-3073, 1063, 1072, 1074, 1083], [-1074, 3073], [-1072, 3073], [-1083, 3073], [-1063, 3073], [-2072], [-2063], [-3082], [-4082], [-1072], [-3072], [4072], [-1071], [-1062], [-4062], [-2062], [3062], [-3062, 1052, 1061, 1063, 1072], [-1063, 3062], [-1061, 3062], [-1072, 3062], [-1052, 3062], [-2061], [-2052], [-3081], [-4081], [-2071]]
TURN_DOWN
MOVE_FORWARD
Score: -220
Move to: (1, 8)
GRAB_GOLD
Score: -120
[[-1091], [-2091], [-3091], [-4091], [-1092], [-1081], [-2092], [-2081], [-3092], [-4092], [-1093], [-1082], [-2093], [-2082], [-3093], [-4093], [-1094], [-1083], [-2094], [-2083], [-3094], [-4094], [-1095], [-1084], [-2095], [-2084], [3095], [-4095], [-3095, 1085, 1094, 1096], [-1096, 3095], [-1094, 3095], [-1085, 3095], [-2096], [-2085], [3084], [-4084], [-3084, 1074, 1083, 1085, 1094], [-1085, 3084], [-1083, 3084], [-1094, 3084], [-1074, 3084], [-2074], [-3083], [-4083], [-1073], [-2073], [3073], [-4073], [-3073, 1063, 1072, 1074, 1083], [-1074, 3073], [-1072, 3073], [-1083, 3073], [-1063, 3073], [-2072], [-2063], [-3082], [-4082], [-1072], [-3072], [4072], [-1071], [-1062], [-4062], [-2062], [3062], [-3062, 1052, 1061, 1063, 1072], [-1063, 3062], [-1061, 3062], [-1072, 3062], [-1052, 3062], [-2061], [-2052], [-3081], [-4081], [-2071], [-3071], [-4071], [-1061]]
TURN_DOWN
MOVE_FORWARD
Score: -130
Move to: (1, 7)
[[-1091], [-2091], [-3091], [-4091], [-1092], [-1081], [-2092], [-2081], [-3092], [-4092], [-1093], [-1082], [-2093], [-2082], [-3093], [-4093], [-1094], [-1083], [-2094], [-2083], [-3094], [-4094], [-1095], [-1084], [-2095], [-2084], [3095], [-4095], [-3095, 1085, 1094, 1096], [-1096, 3095], [-1094, 3095], [-1085, 3095], [-2096], [-2085], [3084], [-4084], [-3084, 1074, 1083, 1085, 1094], [-1085, 3084], [-1083, 3084], [-1094, 3084], [-1074, 3084], [-2074], [-3083], [-4083], [-1073], [-2073], [3073], [-4073], [-3073, 1063, 1072, 1074, 1083], [-1074, 3073], [-1072, 3073], [-1083, 3073], [-1063, 3073], [-2072], [-2063], [-3082], [-4082], [-1072], [-3072], [4072], [-1071], [-1062], [-4062], [-2062], [3062], [-3062, 1052, 1061, 1063, 1072], [-1063, 3062], [-1061, 3062], [-1072, 3062], [-1052, 3062], [-2061], [-2052], [-3081], [-4081], [-2071], [-3071], [-4071], [-1061], [-3061], [-4061], [-1051], [-2051]]
TURN_DOWN
MOVE_FORWARD
Score: -140
Move to: (1, 6)
[[-1091], [-2091], [-3091], [-4091], [-1092], [-1081], [-2092], [-2081], [-3092], [-4092], [-1093], [-1082], [-2093], [-2082], [-3093], [-4093], [-1094], [-1083], [-2094], [-2083], [-3094], [-4094], [-1095], [-1084], [-2095], [-2084], [3095], [-4095], [-3095, 1085, 1094, 1096], [-1096, 3095], [-1094, 3095], [-1085, 3095], [-2096], [-2085], [3084], [-4084], [-3084, 1074, 1083, 1085, 1094], [-1085, 3084], [-1083, 3084], [-1094, 3084], [-1074, 3084], [-2074], [-3083], [-4083], [-1073], [-2073], [3073], [-4073], [-3073, 1063, 1072, 1074, 1083], [-1074, 3073], [-1072, 3073], [-1083, 3073], [-1063, 3073], [-2072], [-2063], [-3082], [-4082], [-1072], [-3072], [4072], [-1071], [-1062], [-4062], [-2062], [3062], [-3062, 1052, 1061, 1063, 1072], [-1063, 3062], [-1061, 3062], [-1072, 3062], [-1052, 3062], [-2061], [-2052], [-3081], [-4081], [-2071], [-3071], [-4071], [-1061], [-3061], [-4061], [-1051], [-2051], [-3051], [-4051], [-1052], [-1041], [-2041]]
TURN_RIGHT
MOVE_FORWARD
Score: -150
Move to: (2, 6)
[[-1091], [-2091], [-3091], [-4091], [-1092], [-1081], [-2092], [-2081], [-3092], [-4092], [-1093], [-1082], [-2093], [-2082], [-3093], [-4093], [-1094], [-1083], [-2094], [-2083], [-3094], [-4094], [-1095], [-1084], [-2095], [-2084], [3095], [-4095], [-3095, 1085, 1094, 1096], [-1096, 3095], [-1094, 3095], [-1085, 3095], [-2096], [-2085], [3084], [-4084], [-3084, 1074, 1083, 1085, 1094], [-1085, 3084], [-1083, 3084], [-1094, 3084], [-1074, 3084], [-2074], [-3083], [-4083], [-1073], [-2073], [3073], [-4073], [-3073, 1063, 1072, 1074, 1083], [-1074, 3073], [-1072, 3073], [-1083, 3073], [-1063, 3073], [-2072], [-2063], [-3082], [-4082], [-1072], [-3072], [4072], [-1071], [-1062], [-4062], [-2062], [3062], [-3062, 1052, 1061, 1063, 1072], [-1063, 3062], [-1061, 3062], [-1072, 3062], [-1052, 3062], [-2061], [-2052], [-3081], [-4081], [-2071], [-3071], [-4071], [-1061], [-3061], [-4061], [-1051], [-2051], [-3051], [-4051], [-1052], [-1041], [-2041], [-3052], [-4052], [-1053], [-1042], [-2053], [-2042]]
TURN_RIGHT
MOVE_FORWARD
Score: -160
Move to: (3, 6)
GRAB_GOLD
Score: -60
PERCEIVE_BREEZE
[[-1091], [-2091], [-3091], [-4091], [-1092], [-1081], [-2092], [-2081], [-3092], [-4092], [-1093], [-1082], [-2093], [-2082], [-3093], [-4093], [-1094], [-1083], [-2094], [-2083], [-3094], [-4094], [-1095], [-1084], [-2095], [-2084], [3095], [-4095], [-3095, 1085, 1094, 1096], [-1096, 3095], [-1094, 3095], [-1085, 3095], [-2096], [-2085], [3084], [-4084], [-3084, 1074, 1083, 1085, 1094], [-1085, 3084], [-1083, 3084], [-1094, 3084], [-1074, 3084], [-2074], [-3083], [-4083], [-1073], [-2073], [3073], [-4073], [-3073, 1063, 1072, 1074, 1083], [-1074, 3073], [-1072, 3073], [-1083, 3073], [-1063, 3073], [-2072], [-2063], [-3082], [-4082], [-1072], [-3072], [4072], [-1071], [-1062], [-4062], [-2062], [3062], [-3062, 1052, 1061, 1063, 1072], [-1063, 3062], [-1061, 3062], [-1072, 3062], [-1052, 3062], [-2061], [-2052], [-3081], [-4081], [-2071], [-3071], [-4071], [-1061], [-3061], [-4061], [-1051], [-2051], [-3051], [-4051], [-1052], [-1041], [-2041], [-3052], [-4052], [-1053], [-1042], [-2053], [-2042], [3053], [-4053], [-3053, 1043, 1052, 1054, 1063], [-1054, 3053], [-1052, 3053], [-1063, 3053], [-1043, 3053], [-2054], [-2043]]
Infer: (4, 6)
TURN_RIGHT
INFER_PIT
INFER_NOT_PIT
Infer: (3, 7)
TURN_UP
INFER_PIT
DECTECT_PIT
[[-1091], [-2091], [-3091], [-4091], [-1092], [-1081], [-2092], [-2081], [-3092], [-4092], [-1093], [-1082], [-2093], [-2082], [-3093], [-4093], [-1094], [-1083], [-2094], [-2083], [-3094], [-4094], [-1095], [-1084], [-2095], [-2084], [3095], [-4095], [-3095, 1085, 1094, 1096], [-1096, 3095], [-1094, 3095], [-1085, 3095], [-2096], [-2085], [3084], [-4084], [-3084, 1074, 1083, 1085, 1094], [-1085, 3084], [-1083, 3084], [-1094, 3084], [-1074, 3084], [-2074], [-3083], [-4083], [-1073], [-2073], [3073], [-4073], [-3073, 1063, 1072, 1074, 1083], [-1074, 3073], [-1072, 3073], [-1083, 3073], [-1063, 3073], [-2072], [-2063], [-3082], [-4082], [-1072], [-3072], [4072], [-1071], [-1062], [-4062], [-2062], [3062], [-3062, 1052, 1061, 1063, 1072], [-1063, 3062], [-1061, 3062], [-1072, 3062], [-1052, 3062], [-2061], [-2052], [-3081], [-4081], [-2071], [-3071], [-4071], [-1061], [-3061], [-4061], [-1051], [-2051], [-3051], [-4051], [-1052], [-1041], [-2041], [-3052], [-4052], [-1053], [-1042], [-2053], [-2042], [3053], [-4053], [-3053, 1043, 1052, 1054, 1063], [-1054, 3053], [-1052, 3053], [-1063, 3053], [-1043, 3053], [-2054], [-2043], [1063], [-3063], [-4063], [-1064], [-2064]]
Infer: (3, 5)
TURN_DOWN
INFER_PIT
INFER_NOT_PIT
TURN_LEFT
MOVE_FORWARD
Score: -70
Backtrack: (2, 6)
TURN_DOWN
MOVE_FORWARD
Score: -80
Move to: (2, 5)
GRAB_GOLD
Score: 20
[[-1091], [-2091], [-3091], [-4091], [-1092], [-1081], [-2092], [-2081], [-3092], [-4092], [-1093], [-1082], [-2093], [-2082], [-3093], [-4093], [-1094], [-1083], [-2094], [-2083], [-3094], [-4094], [-1095], [-1084], [-2095], [-2084], [3095], [-4095], [-3095, 1085, 1094, 1096], [-1096, 3095], [-1094, 3095], [-1085, 3095], [-2096], [-2085], [3084], [-4084], [-3084, 1074, 1083, 1085, 1094], [-1085, 3084], [-1083, 3084], [-1094, 3084], [-1074, 3084], [-2074], [-3083], [-4083], [-1073], [-2073], [3073], [-4073], [-3073, 1063, 1072, 1074, 1083], [-1074, 3073], [-1072, 3073], [-1083, 3073], [-1063, 3073], [-2072], [-2063], [-3082], [-4082], [-1072], [-3072], [4072], [-1071], [-1062], [-4062], [-2062], [3062], [-3062, 1052, 1061, 1063, 1072], [-1063, 3062], [-1061, 3062], [-1072, 3062], [-1052, 3062], [-2061], [-2052], [-3081], [-4081], [-2071], [-3071], [-4071], [-1061], [-3061], [-4061], [-1051], [-2051], [-3051], [-4051], [-1052], [-1041], [-2041], [-3052], [-4052], [-1053], [-1042], [-2053], [-2042], [3053], [-4053], [-3053, 1043, 1052, 1054, 1063], [-1054, 3053], [-1052, 3053], [-1063, 3053], [-1043, 3053], [-2054], [-2043], [1063], [-3063], [-4063], [-1064], [-2064], [-3042], [-4042], [-1043], [-1032], [-2032]]
TURN_RIGHT
MOVE_FORWARD
Score: 10
Move to: (3, 5)
[[-1091], [-2091], [-3091], [-4091], [-1092], [-1081], [-2092], [-2081], [-3092], [-4092], [-1093], [-1082], [-2093], [-2082], [-3093], [-4093], [-1094], [-1083], [-2094], [-2083], [-3094], [-4094], [-1095], [-1084], [-2095], [-2084], [3095], [-4095], [-3095, 1085, 1094, 1096], [-1096, 3095], [-1094, 3095], [-1085, 3095], [-2096], [-2085], [3084], [-4084], [-3084, 1074, 1083, 1085, 1094], [-1085, 3084], [-1083, 3084], [-1094, 3084], [-1074, 3084], [-2074], [-3083], [-4083], [-1073], [-2073], [3073], [-4073], [-3073, 1063, 1072, 1074, 1083], [-1074, 3073], [-1072, 3073], [-1083, 3073], [-1063, 3073], [-2072], [-2063], [-3082], [-4082], [-1072], [-3072], [4072], [-1071], [-1062], [-4062], [-2062], [3062], [-3062, 1052, 1061, 1063, 1072], [-1063, 3062], [-1061, 3062], [-1072, 3062], [-1052, 3062], [-2061], [-2052], [-3081], [-4081], [-2071], [-3071], [-4071], [-1061], [-3061], [-4061], [-1051], [-2051], [-3051], [-4051], [-1052], [-1041], [-2041], [-3052], [-4052], [-1053], [-1042], [-2053], [-2042], [3053], [-4053], [-3053, 1043, 1052, 1054, 1063], [-1054, 3053], [-1052, 3053], [-1063, 3053], [-1043, 3053], [-2054], [-2043], [1063], [-3063], [-4063], [-1064], [-2064], [-3042], [-4042], [-1043], [-1032], [-2032], [-3043], [-4043], [-1044], [-1033], [-2044], [-2033]]
TURN_RIGHT
MOVE_FORWARD
Score: 0
Move to: (4, 5)
PERCEIVE_BREEZE
[[-1091], [-2091], [-3091], [-4091], [-1092], [-1081], [-2092], [-2081], [-3092], [-4092], [-1093], [-1082], [-2093], [-2082], [-3093], [-4093], [-1094], [-1083], [-2094], [-2083], [-3094], [-4094], [-1095], [-1084], [-2095], [-2084], [3095], [-4095], [-3095, 1085, 1094, 1096], [-1096, 3095], [-1094, 3095], [-1085, 3095], [-2096], [-2085], [3084], [-4084], [-3084, 1074, 1083, 1085, 1094], [-1085, 3084], [-1083, 3084], [-1094, 3084], [-1074, 3084], [-2074], [-3083], [-4083], [-1073], [-2073], [3073], [-4073], [-3073, 1063, 1072, 1074, 1083], [-1074, 3073], [-1072, 3073], [-1083, 3073], [-1063, 3073], [-2072], [-2063], [-3082], [-4082], [-1072], [-3072], [4072], [-1071], [-1062], [-4062], [-2062], [3062], [-3062, 1052, 1061, 1063, 1072], [-1063, 3062], [-1061, 3062], [-1072, 3062], [-1052, 3062], [-2061], [-2052], [-3081], [-4081], [-2071], [-3071], [-4071], [-1061], [-3061], [-4061], [-1051], [-2051], [-3051], [-4051], [-1052], [-1041], [-2041], [-3052], [-4052], [-1053], [-1042], [-2053], [-2042], [3053], [-4053], [-3053, 1043, 1052, 1054, 1063], [-1054, 3053], [-1052, 3053], [-1063, 3053], [-1043, 3053], [-2054], [-2043], [1063], [-3063], [-4063], [-1064], [-2064], [-3042], [-4042], [-1043], [-1032], [-2032], [-3043], [-4043], [-1044], [-1033], [-2044], [-2033], [3044], [-4044], [-3044, 1034, 1043, 1045, 1054], [-1045, 3044], [-1043, 3044], [-1054, 3044], [-1034, 3044], [-2045], [-2034]]
Infer: (5, 5)
TURN_RIGHT
INFER_PIT
INFER_NOT_PIT
Infer: (4, 6)
TURN_UP
INFER_PIT
INFER_NOT_PIT
Infer: (4, 4)
TURN_DOWN
INFER_PIT
INFER_NOT_PIT
TURN_LEFT
MOVE_FORWARD
Score: -10
Backtrack: (3, 5)
TURN_DOWN
MOVE_FORWARD
Score: -20
Move to: (3, 4)
PERCEIVE_BREEZE
[[-1091], [-2091], [-3091], [-4091], [-1092], [-1081], [-2092], [-2081], [-3092], [-4092], [-1093], [-1082], [-2093], [-2082], [-3093], [-4093], [-1094], [-1083], [-2094], [-2083], [-3094], [-4094], [-1095], [-1084], [-2095], [-2084], [3095], [-4095], [-3095, 1085, 1094, 1096], [-1096, 3095], [-1094, 3095], [-1085, 3095], [-2096], [-2085], [3084], [-4084], [-3084, 1074, 1083, 1085, 1094], [-1085, 3084], [-1083, 3084], [-1094, 3084], [-1074, 3084], [-2074], [-3083], [-4083], [-1073], [-2073], [3073], [-4073], [-3073, 1063, 1072, 1074, 1083], [-1074, 3073], [-1072, 3073], [-1083, 3073], [-1063, 3073], [-2072], [-2063], [-3082], [-4082], [-1072], [-3072], [4072], [-1071], [-1062], [-4062], [-2062], [3062], [-3062, 1052, 1061, 1063, 1072], [-1063, 3062], [-1061, 3062], [-1072, 3062], [-1052, 3062], [-2061], [-2052], [-3081], [-4081], [-2071], [-3071], [-4071], [-1061], [-3061], [-4061], [-1051], [-2051], [-3051], [-4051], [-1052], [-1041], [-2041], [-3052], [-4052], [-1053], [-1042], [-2053], [-2042], [3053], [-4053], [-3053, 1043, 1052, 1054, 1063], [-1054, 3053], [-1052, 3053], [-1063, 3053], [-1043, 3053], [-2054], [-2043], [1063], [-3063], [-4063], [-1064], [-2064], [-3042], [-4042], [-1043], [-1032], [-2032], [-3043], [-4043], [-1044], [-1033], [-2044], [-2033], [3044], [-4044], [-3044, 1034, 1043, 1045, 1054], [-1045, 3044], [-1043, 3044], [-1054, 3044], [-1034, 3044], [-2045], [-2034], [3033], [-4033], [-3033, 1023, 1032, 1034, 1043], [-1034, 3033], [-1032, 3033], [-1043, 3033], [-1023, 3033], [-2023]]
Infer: (4, 4)
TURN_RIGHT
INFER_PIT
INFER_NOT_PIT
Infer: (2, 4)
TURN_LEFT
INFER_PIT
INFER_NOT_PIT
DETECT_NO_PIT
Infer: (3, 3)
TURN_DOWN
INFER_PIT
INFER_NOT_PIT
TURN_UP
MOVE_FORWARD
Score: -30
Backtrack: (3, 5)
TURN_LEFT
MOVE_FORWARD
Score: -40
Backtrack: (2, 5)
TURN_DOWN
MOVE_FORWARD
Score: -50
Move to: (2, 4)
[[-1091], [-2091], [-3091], [-4091], [-1092], [-1081], [-2092], [-2081], [-3092], [-4092], [-1093], [-1082], [-2093], [-2082], [-3093], [-4093], [-1094], [-1083], [-2094], [-2083], [-3094], [-4094], [-1095], [-1084], [-2095], [-2084], [3095], [-4095], [-3095, 1085, 1094, 1096], [-1096, 3095], [-1094, 3095], [-1085, 3095], [-2096], [-2085], [3084], [-4084], [-3084, 1074, 1083, 1085, 1094], [-1085, 3084], [-1083, 3084], [-1094, 3084], [-1074, 3084], [-2074], [-3083], [-4083], [-1073], [-2073], [3073], [-4073], [-3073, 1063, 1072, 1074, 1083], [-1074, 3073], [-1072, 3073], [-1083, 3073], [-1063, 3073], [-2072], [-2063], [-3082], [-4082], [-1072], [-3072], [4072], [-1071], [-1062], [-4062], [-2062], [3062], [-3062, 1052, 1061, 1063, 1072], [-1063, 3062], [-1061, 3062], [-1072, 3062], [-1052, 3062], [-2061], [-2052], [-3081], [-4081], [-2071], [-3071], [-4071], [-1061], [-3061], [-4061], [-1051], [-2051], [-3051], [-4051], [-1052], [-1041], [-2041], [-3052], [-4052], [-1053], [-1042], [-2053], [-2042], [3053], [-4053], [-3053, 1043, 1052, 1054, 1063], [-1054, 3053], [-1052, 3053], [-1063, 3053], [-1043, 3053], [-2054], [-2043], [1063], [-3063], [-4063], [-1064], [-2064], [-3042], [-4042], [-1043], [-1032], [-2032], [-3043], [-4043], [-1044], [-1033], [-2044], [-2033], [3044], [-4044], [-3044, 1034, 1043, 1045, 1054], [-1045, 3044], [-1043, 3044], [-1054, 3044], [-1034, 3044], [-2045], [-2034], [3033], [-4033], [-3033, 1023, 1032, 1034, 1043], [-1034, 3033], [-1032, 3033], [-1043, 3033], [-1023, 3033], [-2023], [-3032], [-4032], [-1031], [-1022], [-2031], [-2022]]
TURN_LEFT
MOVE_FORWARD
Score: -60
Move to: (1, 4)
GRAB_GOLD
Score: 40
PERCEIVE_BREEZE
[[-1091], [-2091], [-3091], [-4091], [-1092], [-1081], [-2092], [-2081], [-3092], [-4092], [-1093], [-1082], [-2093], [-2082], [-3093], [-4093], [-1094], [-1083], [-2094], [-2083], [-3094], [-4094], [-1095], [-1084], [-2095], [-2084], [3095], [-4095], [-3095, 1085, 1094, 1096], [-1096, 3095], [-1094, 3095], [-1085, 3095], [-2096], [-2085], [3084], [-4084], [-3084, 1074, 1083, 1085, 1094], [-1085, 3084], [-1083, 3084], [-1094, 3084], [-1074, 3084], [-2074], [-3083], [-4083], [-1073], [-2073], [3073], [-4073], [-3073, 1063, 1072, 1074, 1083], [-1074, 3073], [-1072, 3073], [-1083, 3073], [-1063, 3073], [-2072], [-2063], [-3082], [-4082], [-1072], [-3072], [4072], [-1071], [-1062], [-4062], [-2062], [3062], [-3062, 1052, 1061, 1063, 1072], [-1063, 3062], [-1061, 3062], [-1072, 3062], [-1052, 3062], [-2061], [-2052], [-3081], [-4081], [-2071], [-3071], [-4071], [-1061], [-3061], [-4061], [-1051], [-2051], [-3051], [-4051], [-1052], [-1041], [-2041], [-3052], [-4052], [-1053], [-1042], [-2053], [-2042], [3053], [-4053], [-3053, 1043, 1052, 1054, 1063], [-1054, 3053], [-1052, 3053], [-1063, 3053], [-1043, 3053], [-2054], [-2043], [1063], [-3063], [-4063], [-1064], [-2064], [-3042], [-4042], [-1043], [-1032], [-2032], [-3043], [-4043], [-1044], [-1033], [-2044], [-2033], [3044], [-4044], [-3044, 1034, 1043, 1045, 1054], [-1045, 3044], [-1043, 3044], [-1054, 3044], [-1034, 3044], [-2045], [-2034], [3033], [-4033], [-3033, 1023, 1032, 1034, 1043], [-1034, 3033], [-1032, 3033], [-1043, 3033], [-1023, 3033], [-2023], [-3032], [-4032], [-1031], [-1022], [-2031], [-2022], [3031], [-4031], [-3031, 1021, 1032, 1041], [-1032, 3031], [-1041, 3031], [-1021, 3031], [-2021]]
Infer: (1, 5)
TURN_UP
INFER_PIT
INFER_NOT_PIT
DETECT_NO_PIT
Infer: (1, 3)
TURN_DOWN
INFER_PIT
DECTECT_PIT
[[-1091], [-2091], [-3091], [-4091], [-1092], [-1081], [-2092], [-2081], [-3092], [-4092], [-1093], [-1082], [-2093], [-2082], [-3093], [-4093], [-1094], [-1083], [-2094], [-2083], [-3094], [-4094], [-1095], [-1084], [-2095], [-2084], [3095], [-4095], [-3095, 1085, 1094, 1096], [-1096, 3095], [-1094, 3095], [-1085, 3095], [-2096], [-2085], [3084], [-4084], [-3084, 1074, 1083, 1085, 1094], [-1085, 3084], [-1083, 3084], [-1094, 3084], [-1074, 3084], [-2074], [-3083], [-4083], [-1073], [-2073], [3073], [-4073], [-3073, 1063, 1072, 1074, 1083], [-1074, 3073], [-1072, 3073], [-1083, 3073], [-1063, 3073], [-2072], [-2063], [-3082], [-4082], [-1072], [-3072], [4072], [-1071], [-1062], [-4062], [-2062], [3062], [-3062, 1052, 1061, 1063, 1072], [-1063, 3062], [-1061, 3062], [-1072, 3062], [-1052, 3062], [-2061], [-2052], [-3081], [-4081], [-2071], [-3071], [-4071], [-1061], [-3061], [-4061], [-1051], [-2051], [-3051], [-4051], [-1052], [-1041], [-2041], [-3052], [-4052], [-1053], [-1042], [-2053], [-2042], [3053], [-4053], [-3053, 1043, 1052, 1054, 1063], [-1054, 3053], [-1052, 3053], [-1063, 3053], [-1043, 3053], [-2054], [-2043], [1063], [-3063], [-4063], [-1064], [-2064], [-3042], [-4042], [-1043], [-1032], [-2032], [-3043], [-4043], [-1044], [-1033], [-2044], [-2033], [3044], [-4044], [-3044, 1034, 1043, 1045, 1054], [-1045, 3044], [-1043, 3044], [-1054, 3044], [-1034, 3044], [-2045], [-2034], [3033], [-4033], [-3033, 1023, 1032, 1034, 1043], [-1034, 3033], [-1032, 3033], [-1043, 3033], [-1023, 3033], [-2023], [-3032], [-4032], [-1031], [-1022], [-2031], [-2022], [3031], [-4031], [-3031, 1021, 1032, 1041], [-1032, 3031], [-1041, 3031], [-1021, 3031], [-2021], [1021], [-3021], [-4021], [-1011], [-2011]]
TURN_RIGHT
MOVE_FORWARD
Score: 30
Backtrack: (2, 4)
TURN_DOWN
MOVE_FORWARD
Score: 20
Move to: (2, 3)
GRAB_GOLD
Score: 120
PERCEIVE_BREEZE
[[-1091], [-2091], [-3091], [-4091], [-1092], [-1081], [-2092], [-2081], [-3092], [-4092], [-1093], [-1082], [-2093], [-2082], [-3093], [-4093], [-1094], [-1083], [-2094], [-2083], [-3094], [-4094], [-1095], [-1084], [-2095], [-2084], [3095], [-4095], [-3095, 1085, 1094, 1096], [-1096, 3095], [-1094, 3095], [-1085, 3095], [-2096], [-2085], [3084], [-4084], [-3084, 1074, 1083, 1085, 1094], [-1085, 3084], [-1083, 3084], [-1094, 3084], [-1074, 3084], [-2074], [-3083], [-4083], [-1073], [-2073], [3073], [-4073], [-3073, 1063, 1072, 1074, 1083], [-1074, 3073], [-1072, 3073], [-1083, 3073], [-1063, 3073], [-2072], [-2063], [-3082], [-4082], [-1072], [-3072], [4072], [-1071], [-1062], [-4062], [-2062], [3062], [-3062, 1052, 1061, 1063, 1072], [-1063, 3062], [-1061, 3062], [-1072, 3062], [-1052, 3062], [-2061], [-2052], [-3081], [-4081], [-2071], [-3071], [-4071], [-1061], [-3061], [-4061], [-1051], [-2051], [-3051], [-4051], [-1052], [-1041], [-2041], [-3052], [-4052], [-1053], [-1042], [-2053], [-2042], [3053], [-4053], [-3053, 1043, 1052, 1054, 1063], [-1054, 3053], [-1052, 3053], [-1063, 3053], [-1043, 3053], [-2054], [-2043], [1063], [-3063], [-4063], [-1064], [-2064], [-3042], [-4042], [-1043], [-1032], [-2032], [-3043], [-4043], [-1044], [-1033], [-2044], [-2033], [3044], [-4044], [-3044, 1034, 1043, 1045, 1054], [-1045, 3044], [-1043, 3044], [-1054, 3044], [-1034, 3044], [-2045], [-2034], [3033], [-4033], [-3033, 1023, 1032, 1034, 1043], [-1034, 3033], [-1032, 3033], [-1043, 3033], [-1023, 3033], [-2023], [-3032], [-4032], [-1031], [-1022], [-2031], [-2022], [3031], [-4031], [-3031, 1021, 1032, 1041], [-1032, 3031], [-1041, 3031], [-1021, 3031], [-2021], [1021], [-3021], [-4021], [-1011], [-2011], [3022], [-4022], [-3022, 1012, 1021, 1023, 1032], [-1023, 3022], [-1021, 3022], [-1032, 3022], [-1012, 3022], [-2012]]
Infer: (3, 3)
TURN_RIGHT
INFER_PIT
INFER_NOT_PIT
Infer: (2, 2)
TURN_DOWN
INFER_PIT
INFER_NOT_PIT
TURN_UP
MOVE_FORWARD
Score: 110
Backtrack: (2, 4)
TURN_UP
MOVE_FORWARD
Score: 100
Backtrack: (2, 5)
TURN_UP
MOVE_FORWARD
Score: 90
Backtrack: (2, 6)
TURN_LEFT
MOVE_FORWARD
Score: 80
Backtrack: (1, 6)
TURN_DOWN
MOVE_FORWARD
Score: 70
Move to: (1, 5)
[[-1091], [-2091], [-3091], [-4091], [-1092], [-1081], [-2092], [-2081], [-3092], [-4092], [-1093], [-1082], [-2093], [-2082], [-3093], [-4093], [-1094], [-1083], [-2094], [-2083], [-3094], [-4094], [-1095], [-1084], [-2095], [-2084], [3095], [-4095], [-3095, 1085, 1094, 1096], [-1096, 3095], [-1094, 3095], [-1085, 3095], [-2096], [-2085], [3084], [-4084], [-3084, 1074, 1083, 1085, 1094], [-1085, 3084], [-1083, 3084], [-1094, 3084], [-1074, 3084], [-2074], [-3083], [-4083], [-1073], [-2073], [3073], [-4073], [-3073, 1063, 1072, 1074, 1083], [-1074, 3073], [-1072, 3073], [-1083, 3073], [-1063, 3073], [-2072], [-2063], [-3082], [-4082], [-1072], [-3072], [4072], [-1071], [-1062], [-4062], [-2062], [3062], [-3062, 1052, 1061, 1063, 1072], [-1063, 3062], [-1061, 3062], [-1072, 3062], [-1052, 3062], [-2061], [-2052], [-3081], [-4081], [-2071], [-3071], [-4071], [-1061], [-3061], [-4061], [-1051], [-2051], [-3051], [-4051], [-1052], [-1041], [-2041], [-3052], [-4052], [-1053], [-1042], [-2053], [-2042], [3053], [-4053], [-3053, 1043, 1052, 1054, 1063], [-1054, 3053], [-1052, 3053], [-1063, 3053], [-1043, 3053], [-2054], [-2043], [1063], [-3063], [-4063], [-1064], [-2064], [-3042], [-4042], [-1043], [-1032], [-2032], [-3043], [-4043], [-1044], [-1033], [-2044], [-2033], [3044], [-4044], [-3044, 1034, 1043, 1045, 1054], [-1045, 3044], [-1043, 3044], [-1054, 3044], [-1034, 3044], [-2045], [-2034], [3033], [-4033], [-3033, 1023, 1032, 1034, 1043], [-1034, 3033], [-1032, 3033], [-1043, 3033], [-1023, 3033], [-2023], [-3032], [-4032], [-1031], [-1022], [-2031], [-2022], [3031], [-4031], [-3031, 1021, 1032, 1041], [-1032, 3031], [-1041, 3031], [-1021, 3031], [-2021], [1021], [-3021], [-4021], [-1011], [-2011], [3022], [-4022], [-3022, 1012, 1021, 1023, 1032], [-1023, 3022], [-1021, 3022], [-1032, 3022], [-1012, 3022], [-2012], [-3041], [-4041]]
TURN_UP
MOVE_FORWARD
Score: 60
Backtrack: (1, 6)
TURN_UP
MOVE_FORWARD
Score: 50
Backtrack: (1, 7)
TURN_UP
MOVE_FORWARD
Score: 40
Backtrack: (1, 8)
TURN_UP
MOVE_FORWARD
Score: 30
Backtrack: (1, 9)
TURN_UP
MOVE_FORWARD
Score: 20
Backtrack: (1, 10)
CLIMB_OUT_OF_THE_CAVE
Score: 30
